0.521324 31.2325
3.27113 1.65452
8.08616 92.8339
9.89428 63.8432
11.6141 36.5561
14.3869 26.4978
23.6082 19.5495
28.0998 20.2702
29.7025 36.0234
30.1577 33.7687
35.6504 24.7958
39.3628 85.9752
46.1216 34.8846
50.0403 11.4311
52.4663 52.5796
70.988 54.1025
74.4726 39.6976
75.9268 27.035
77.2292 78.0846
79.6663 85.9807
80.3957 44.253
81.2101 49.1457
82.169 34.3967
82.4224 63.5991
84.2404 45.9309
85.4898 63.4457
86.6147 56.2148
93.0061 61.3361
93.4863 1.43494
94.5732 33.3146
95.4021 22.2771
101.925 9.45396
102.781 69.1537
111.976 16.8298
117.236 27.0589
118.564 51.8368
129.971 34.3222
136.285 79.0115
138.724 63.7798
140.104 90.2066
146.361 58.7936
148.728 55.5913
148.877 13.4195
150.107 25.4965
151.187 75.6595
163.43 42.931
168.742 36.2813
170.102 1.48275
173.628 86.46
173.955 1.25873
175.66 57.033
177.057 58.9331
189.622 9.674
191.047 9.80884
191.511 95.8735
198.286 1.86917
200.109 94.8592
200.158 15.8963
207.445 70.0932
208.938 79.7865
210.598 17.1632
215.917 20.2724
217.132 73.8466
221.431 56.8241
221.738 40.3741
222.489 23.7826
231.063 65.2704
237.705 20.2912
243.258 27.5155
246.814 60.337
252.807 39.0858
253.546 48.0857
259.107 33.6908
260.894 39.1009
267.436 12.9943
269.025 84.2342
276.164 15.8535
276.362 37.9872
280.53 51.4902
285.456 17.5369
289.679 93.8531
292.522 35.7645
292.55 48.3181
292.837 1.69658
293.568 18.1745
294.105 75.3549
298.478 32.8227
299.408 18.6547
299.424 26.6523
302.218 48.8574
308.205 72.7993
310.586 26.799
314.436 64.7617
317.094 35.9286
325.416 7.8857
333.55 53.8436
334.098 3.57431
334.736 71.2634
348.248 81.7079
357.337 24.7797
